   1 
   2 
   3 
   4 
   5 
   6 
   7 
   8 
   9 
  10 
  11 
  12 
  13 
  14 
  15 
  16 
  17 
  18 
  19 
  20 
  21 
  22 
  23 
  24 
  25 
  26 
  27 
  28 
  29 
  30 
  31 
  32 
  33 
  34 
  35 
  36 
  37 
  38 
  39 
  40 
  41 
  42 
  43 
  44 
  45 
  46 
  47 
  48 
  49 
  50 
  51 
  52 
  53 
  54 
  55 
  56 
  57 
  58 
  59 
  60 
  61 
  62 
  63 
  64 
  65 
  66 
  67 
  68 
  69 
  70 
  71 
  72 
  73 
  74 
  75 
  76 
  77 
  78 
  79 
  80 
  81 
  82 
  83 
  84 
  85 
  86 
  87 
  88 
  89 
  90 
  91 
  92 
  93 
  94 
  95 
  96 
  97 
  98 
  99 
 100 
 101 
 102 
 103 
 104 
 105 
 106 
 107 
 108 
 109 
 110 
 111 
 112 
 113 
 114 
 115 
 116 
 117 
 118 
 119 
 120 
 121 
 122 
 123 
 124 
 125 
 126 
 127 
 128 
 129 
 130 
 258 
 259 
 387 
 388 
 516 
 517 
 645 
 646 
 774 
 775 
 903 
 904 
1032 
1033 
1161 
1162 
1290 
1291 
1419 
1420 
1548 
1549 
1677 
1678 
1806 
1807 
1935 
1936 
2064 
2065 
2193 
2194 
2322 
2323 
2451 
2452 
2580 
2581 
2709 
2710 
2838 
2839 
2967 
2968 
3096 
3097 
3225 
3226 
3354 
3355 
3483 
3484 
3612 
3613 
3741 
3742 
3870 
3871 
3999 
4000 
4128 
4129 
4257 
4258 
4386 
4387 
4515 
4516 
4644 
4645 
4773 
4774 
4902 
4903 
5031 
5032 
5160 
5161 
5289 
5290 
5418 
5419 
5547 
5548 
5676 
5677 
5805 
5806 
5934 
5935 
6063 
6064 
6192 
6193 
6321 
6322 
6450 
6451 
6579 
6580 
6708 
6709 
6837 
6838 
6966 
6967 
7095 
7096 
7224 
7225 
7353 
7354 
7482 
7483 
7611 
7612 
7740 
7741 
7869 
7870 
7998 
7999 
8127 
8128 
8256 
8257 
8385 
8386 
8514 
8515 
8643 
8644 
8772 
8773 
8901 
8902 
9030 
9031 
9159 
9160 
9288 
9289 
9417 
9418 
9546 
9547 
9675 
9676 
9804 
9805 
9933 
9934 
10062 
10063 
10191 
10192 
10320 
10321 
10449 
10450 
10578 
10579 
10707 
10708 
10836 
10837 
10965 
10966 
11094 
11095 
11223 
11224 
11352 
11353 
11481 
11482 
11610 
11611 
11739 
11740 
11868 
11869 
11997 
11998 
12126 
12127 
12255 
12256 
12384 
12385 
12513 
12514 
12642 
12643 
12771 
12772 
12900 
12901 
13029 
13030 
13158 
13159 
13287 
13288 
13416 
13417 
13545 
13546 
13674 
13675 
13803 
13804 
13932 
13933 
14061 
14062 
14190 
14191 
14319 
14320 
14448 
14449 
14577 
14578 
14706 
14707 
14835 
14836 
14964 
14965 
15093 
15094 
15222 
15223 
15351 
15352 
15480 
15481 
15609 
15610 
15738 
15739 
15867 
15868 
15996 
15997 
16125 
16126 
16254 
16255 
16383 
16384 
16512 
16513 
16641 
16642 
16643 
16644 
16645 
16646 
16647 
16648 
16649 
16650 
16651 
16652 
16653 
16654 
16655 
16656 
16657 
16658 
16659 
16660 
16661 
16662 
16663 
16664 
16665 
16666 
16667 
16668 
16669 
16670 
16671 
16672 
16673 
16674 
16675 
16676 
16677 
16678 
16679 
16680 
16681 
16682 
16683 
16684 
16685 
16686 
16687 
16688 
16689 
16690 
16691 
16692 
16693 
16694 
16695 
16696 
16697 
16698 
16699 
16700 
16701 
16702 
16703 
16704 
16705 
16706 
16707 
16708 
16709 
16710 
16711 
16712 
16713 
16714 
16715 
16716 
16717 
16718 
16719 
16720 
16721 
16722 
16723 
16724 
16725 
16726 
16727 
16728 
16729 
16730 
16731 
16732 
16733 
16734 
16735 
16736 
16737 
16738 
16739 
16740 
16741 
16742 
16743 
16744 
16745 
16746 
16747 
16748 
16749 
16750 
16751 
16752 
16753 
16754 
16755 
16756 
16757 
16758 
16759 
16760 
16761 
16762 
16763 
16764 
16765 
16766 
16767 
16768 
16769 
16770 
17026 
17027 
17283 
17284 
17540 
17541 
17797 
17798 
18054 
18055 
18311 
18312 
18568 
18569 
18825 
18826 
19082 
19083 
19339 
19340 
19596 
19597 
19853 
19854 
20110 
20111 
20367 
20368 
20624 
20625 
20881 
20882 
21138 
21139 
21395 
21396 
21652 
21653 
21909 
21910 
22166 
22167 
22423 
22424 
22680 
22681 
22937 
22938 
23194 
23195 
23451 
23452 
23708 
23709 
23965 
23966 
24222 
24223 
24479 
24480 
24736 
24737 
24993 
24994 
25250 
25251 
25507 
25508 
25764 
25765 
26021 
26022 
26278 
26279 
26535 
26536 
26792 
26793 
27049 
27050 
27306 
27307 
27563 
27564 
27820 
27821 
28077 
28078 
28334 
28335 
28591 
28592 
28848 
28849 
29105 
29106 
29362 
29363 
29619 
29620 
29876 
29877 
30133 
30134 
30390 
30391 
30647 
30648 
30904 
30905 
31161 
31162 
31418 
31419 
31675 
31676 
31932 
31933 
32189 
32190 
32446 
32447 
32703 
32704 
32960 
32961 
33217 
33218 
33474 
33475 
33731 
33732 
33988 
33989 
34245 
34246 
34502 
34503 
34759 
34760 
35016 
35017 
35273 
35274 
35530 
35531 
35787 
35788 
36044 
36045 
36301 
36302 
36558 
36559 
36815 
36816 
37072 
37073 
37329 
37330 
37586 
37587 
37843 
37844 
38100 
38101 
38357 
38358 
38614 
38615 
38871 
38872 
39128 
39129 
39385 
39386 
39642 
39643 
39899 
39900 
40156 
40157 
40413 
40414 
40670 
40671 
40927 
40928 
41184 
41185 
41441 
41442 
41698 
41699 
41955 
41956 
42212 
42213 
42469 
42470 
42726 
42727 
42983 
42984 
43240 
43241 
43497 
43498 
43754 
43755 
44011 
44012 
44268 
44269 
44525 
44526 
44782 
44783 
45039 
45040 
45296 
45297 
45553 
45554 
45810 
45811 
46067 
46068 
46324 
46325 
46581 
46582 
46838 
46839 
47095 
47096 
47352 
47353 
47609 
47610 
47866 
47867 
48123 
48124 
48380 
48381 
48637 
48638 
48894 
48895 
49151 
49152 
49408 
49409 
49410 
49411 
49412 
49413 
49414 
49415 
49416 
49417 
49418 
49419 
49420 
49421 
49422 
49423 
49424 
49425 
49426 
49427 
49428 
49429 
49430 
49431 
49432 
49433 
49434 
49435 
49436 
49437 
49438 
49439 
49440 
49441 
49442 
49443 
49444 
49445 
49446 
49447 
49448 
49449 
49450 
49451 
49452 
49453 
49454 
49455 
49456 
49457 
49458 
49459 
49460 
49461 
49462 
49463 
49464 
49465 
49466 
49467 
49468 
49469 
49470 
49471 
49472 
49473 
49474 
49475 
49476 
49477 
49478 
49479 
49480 
49481 
49482 
49483 
49484 
49485 
49486 
49487 
49488 
49489 
49490 
49491 
49492 
49493 
49494 
49495 
49496 
49497 
49498 
49499 
49500 
49501 
49502 
49503 
49504 
49505 
49506 
49507 
49508 
49509 
49510 
49511 
49512 
49513 
49514 
49515 
49516 
49517 
49518 
49519 
49520 
49521 
49522 
49523 
49524 
49525 
49526 
49527 
49528 
49529 
49530 
49531 
49532 
49533 
49534 
49535 
49536 
49537 
49538 
49539 
49540 
49541 
49542 
49543 
49544 
49545 
49546 
49547 
49548 
49549 
49550 
49551 
49552 
49553 
49554 
49555 
49556 
49557 
49558 
49559 
49560 
49561 
49562 
49563 
49564 
49565 
49566 
49567 
49568 
49569 
49570 
49571 
49572 
49573 
49574 
49575 
49576 
49577 
49578 
49579 
49580 
49581 
49582 
49583 
49584 
49585 
49586 
49587 
49588 
49589 
49590 
49591 
49592 
49593 
49594 
49595 
49596 
49597 
49598 
49599 
49600 
49601 
49602 
49603 
49604 
49605 
49606 
49607 
49608 
49609 
49610 
49611 
49612 
49613 
49614 
49615 
49616 
49617 
49618 
49619 
49620 
49621 
49622 
49623 
49624 
49625 
49626 
49627 
49628 
49629 
49630 
49631 
49632 
49633 
49634 
49635 
49636 
49637 
49638 
49639 
49640 
49641 
49642 
49643 
49644 
49645 
49646 
49647 
49648 
49649 
49650 
49651 
49652 
49653 
49654 
49655 
49656 
49657 
49658 
49659 
49660 
49661 
49662 
49663 
49664 
49665 
