   1 
   2 
   3 
   4 
   5 
   6 
   7 
   8 
   9 
  10 
  11 
  12 
  13 
  14 
  15 
  16 
  17 
  18 
  19 
  20 
  21 
  22 
  23 
  24 
  25 
  26 
  27 
  28 
  29 
  30 
  31 
  32 
  33 
  34 
  66 
  67 
  99 
 100 
 132 
 133 
 165 
 166 
 198 
 199 
 231 
 232 
 264 
 265 
 297 
 298 
 330 
 331 
 363 
 364 
 396 
 397 
 429 
 430 
 462 
 463 
 495 
 496 
 528 
 529 
 561 
 562 
 594 
 595 
 627 
 628 
 660 
 661 
 693 
 694 
 726 
 727 
 759 
 760 
 792 
 793 
 825 
 826 
 858 
 859 
 891 
 892 
 924 
 925 
 957 
 958 
 990 
 991 
1023 
1024 
1056 
1057 
1089 
1090 
1091 
1092 
1093 
1094 
1095 
1096 
1097 
1098 
1099 
1100 
1101 
1102 
1103 
1104 
1105 
1106 
1107 
1108 
1109 
1110 
1111 
1112 
1113 
1114 
1115 
1116 
1117 
1118 
1119 
1120 
1121 
1122 
1186 
1187 
1251 
1252 
1316 
1317 
1381 
1382 
1446 
1447 
1511 
1512 
1576 
1577 
1641 
1642 
1706 
1707 
1771 
1772 
1836 
1837 
1901 
1902 
1966 
1967 
2031 
2032 
2096 
2097 
2161 
2162 
2226 
2227 
2291 
2292 
2356 
2357 
2421 
2422 
2486 
2487 
2551 
2552 
2616 
2617 
2681 
2682 
2746 
2747 
2811 
2812 
2876 
2877 
2941 
2942 
3006 
3007 
3071 
3072 
3136 
3137 
3138 
3139 
3140 
3141 
3142 
3143 
3144 
3145 
3146 
3147 
3148 
3149 
3150 
3151 
3152 
3153 
3154 
3155 
3156 
3157 
3158 
3159 
3160 
3161 
3162 
3163 
3164 
3165 
3166 
3167 
3168 
3169 
3170 
3171 
3172 
3173 
3174 
3175 
3176 
3177 
3178 
3179 
3180 
3181 
3182 
3183 
3184 
3185 
3186 
3187 
3188 
3189 
3190 
3191 
3192 
3193 
3194 
3195 
3196 
3197 
3198 
3199 
3200 
3201 
